0.5989619
0.5989619
0.5989619
0.5989619
0.5989619
0.5989619
0.5989619
0.736581
0.8466953
0.9370287
1.025724
1.070534
1.128857
1.205581
1.303952
1.398695
1.481924
1.444943
1.42119
1.410495
1.447733
1.505876
1.547962
1.543
1.549076
1.533714
1.529514
1.534981
1.510162
1.409781
1.276352
1.134171
0.9750763
0.8187525
0.6432191
0.5157048
0.4574572
0.4289906
0.4026286
0.3716477
0.3574668
0.3521429
0.3427716
0.3232763
0.2940382
0.2726572
0.2604763
0.2561239
0.2472763
0.2519906
0.222381
0.1671429
0.1346858
0.1089239
0.09487628
0.09053344
0.09053344
0.09053344
0.09053344
0.09053344
0.09053344
0.09053344
0.09053344
0.09053344
0.09053344
0.09053344
0.09053344
0.09053344
0.09053344
0.09053344
0.09053344
0.09053344
0.09053344
0.09053344
0.09053344
0.09053344
0.09053344
0.09053344
0.09053344
0.09053344
0.09053344
0.09053344
0.09053344
0.09053344
0.09053344
0.09053344
0.09053344
0.09053344
0.09053344
0.09053344
0.09053344
0.09053344
0.09053344
0.09053344
0.09053344
0.09053344
0.09053344
0.09053344
0.09053344
0.09053344
