1.615695
1.615695
1.615695
1.615695
1.615695
1.615695
1.615695
1.789372
1.936772
2.061181
2.172372
2.2178
2.275676
2.377305
2.51041
2.609019
2.725523
2.711276
2.713695
2.743305
2.800572
2.881305
2.939857
2.937524
2.950648
2.933295
2.930848
2.939991
2.90522
2.792419
2.639457
2.482886
2.299895
2.073019
1.790933
1.576162
1.457305
1.3922
1.336553
1.2746
1.227276
1.20321
1.182562
1.135657
1.055314
0.9816954
0.9341047
0.9084001
0.871743
0.8368478
0.7708381
0.7113716
0.6428762
0.5564286
0.466543
0.3635334
0.3635334
0.3635334
0.3635334
0.3635334
0.3635334
0.3635334
0.3635334
0.3635334
0.3635334
0.3635334
0.3635334
0.3635334
0.3635334
0.3635334
0.3635334
0.3635334
0.3635334
0.3635334
0.3635334
0.3635334
0.3635334
0.3635334
0.3635334
0.3635334
0.3635334
0.3635334
0.3635334
0.3635334
0.3635334
0.3635334
0.3635334
0.3635334
0.3635334
0.3635334
0.3635334
0.3635334
0.3635334
0.3635334
0.3635334
0.3635334
0.3635334
0.3635334
0.3635334
0.3635334
